00000000
00000000
00000000
10000011
00000000
01000000
00000001
00000011
00000000
00100000
10000001
10110011
01000000
00100000
10000010
00110011
00000000
00110000
00100100
00100011
00000000
01000000
00100110
00100011
00000000
00010001
01110010
10110011
00000000
00010001
01100011
00110011
00000000
00010001
01000011
10110011
00000001
00000000
00000001
00000011
00000000
00100000
10000100
00110011
01000000
00100000
10000100
10110011
00000000
00010001
01110101
00110011
00000000
00010001
01100101
10110011
00000000
00010001
01000110
00110011
00000001
01000000
00000000
10000011
00000001
10000000
00000001
00000011
00000000
00100000
10000110
10110011
01000000
00100000
10000111
00110011
00000000
00010001
01110111
10110011
00000000
00010001
01101000
00110011
00000000
00010001
01001000
10110011
01111111
11110001
00001001
00010011
01111111
11110001
01111001
10010011
01111111
11110001
01101010
00010011
01111111
11110001
01001010
10010011
01111111
11110000
10001011
00010011
01111111
11110000
11111011
10010011
01111111
11110000
11101100
00010011
01111111
11110000
11001100
10010011
11111111
11110001
00001101
00010011
11111111
11110001
01111101
10010011
11111111
11110001
01101110
00010011
11111111
11110001
01001110
10010011
11111111
11110000
10001111
00010011
11111111
11110000
11111111
10010011
11111111
11110000
11101111
10010011
11111111
11110000
11000000
00010011
11111111
11111111
11111111
11111111