----------------------------------------------------------------------
State of RF after executing cycle:0
00000000000000000000000000000000
00000000000000000000000000000101
00000000000000000000000000000000
00000000000000000000000000000000
00000000000000000000000000000000
00000000000000000000000000000000
00000000000000000000000000000000
00000000000000000000000000000000
00000000000000000000000000000000
00000000000000000000000000000000
00000000000000000000000000000000
00000000000000000000000000000000
00000000000000000000000000000000
00000000000000000000000000000000
00000000000000000000000000000000
00000000000000000000000000000000
00000000000000000000000000000000
00000000000000000000000000000000
00000000000000000000000000000000
00000000000000000000000000000000
00000000000000000000000000000000
00000000000000000000000000000000
00000000000000000000000000000000
00000000000000000000000000000000
00000000000000000000000000000000
00000000000000000000000000000000
00000000000000000000000000000000
00000000000000000000000000000000
00000000000000000000000000000000
00000000000000000000000000000000
00000000000000000000000000000000
00000000000000000000000000000000
----------------------------------------------------------------------
State of RF after executing cycle:1
00000000000000000000000000000000
00000000000000000000000000000101
00000000000000000000000000000011
00000000000000000000000000000000
00000000000000000000000000000000
00000000000000000000000000000000
00000000000000000000000000000000
00000000000000000000000000000000
00000000000000000000000000000000
00000000000000000000000000000000
00000000000000000000000000000000
00000000000000000000000000000000
00000000000000000000000000000000
00000000000000000000000000000000
00000000000000000000000000000000
00000000000000000000000000000000
00000000000000000000000000000000
00000000000000000000000000000000
00000000000000000000000000000000
00000000000000000000000000000000
00000000000000000000000000000000
00000000000000000000000000000000
00000000000000000000000000000000
00000000000000000000000000000000
00000000000000000000000000000000
00000000000000000000000000000000
00000000000000000000000000000000
00000000000000000000000000000000
00000000000000000000000000000000
00000000000000000000000000000000
00000000000000000000000000000000
00000000000000000000000000000000
----------------------------------------------------------------------
State of RF after executing cycle:2
00000000000000000000000000000000
00000000000000000000000000000101
00000000000000000000000000000011
00000000000000000000000000001000
00000000000000000000000000000000
00000000000000000000000000000000
00000000000000000000000000000000
00000000000000000000000000000000
00000000000000000000000000000000
00000000000000000000000000000000
00000000000000000000000000000000
00000000000000000000000000000000
00000000000000000000000000000000
00000000000000000000000000000000
00000000000000000000000000000000
00000000000000000000000000000000
00000000000000000000000000000000
00000000000000000000000000000000
00000000000000000000000000000000
00000000000000000000000000000000
00000000000000000000000000000000
00000000000000000000000000000000
00000000000000000000000000000000
00000000000000000000000000000000
00000000000000000000000000000000
00000000000000000000000000000000
00000000000000000000000000000000
00000000000000000000000000000000
00000000000000000000000000000000
00000000000000000000000000000000
00000000000000000000000000000000
00000000000000000000000000000000
----------------------------------------------------------------------
State of RF after executing cycle:3
00000000000000000000000000000000
00000000000000000000000000000101
00000000000000000000000000000011
00000000000000000000000000001000
00000000000000000000000000000010
00000000000000000000000000000000
00000000000000000000000000000000
00000000000000000000000000000000
00000000000000000000000000000000
00000000000000000000000000000000
00000000000000000000000000000000
00000000000000000000000000000000
00000000000000000000000000000000
00000000000000000000000000000000
00000000000000000000000000000000
00000000000000000000000000000000
00000000000000000000000000000000
00000000000000000000000000000000
00000000000000000000000000000000
00000000000000000000000000000000
00000000000000000000000000000000
00000000000000000000000000000000
00000000000000000000000000000000
00000000000000000000000000000000
00000000000000000000000000000000
00000000000000000000000000000000
00000000000000000000000000000000
00000000000000000000000000000000
00000000000000000000000000000000
00000000000000000000000000000000
00000000000000000000000000000000
00000000000000000000000000000000
----------------------------------------------------------------------
State of RF after executing cycle:4
00000000000000000000000000000000
00000000000000000000000000000101
00000000000000000000000000000011
00000000000000000000000000001000
00000000000000000000000000000010
00000000000000000000000000000000
00000000000000000000000000000000
00000000000000000000000000000000
00000000000000000000000000000000
00000000000000000000000000000000
00000000000000000000000000000000
00000000000000000000000000000000
00000000000000000000000000000000
00000000000000000000000000000000
00000000000000000000000000000000
00000000000000000000000000000000
00000000000000000000000000000000
00000000000000000000000000000000
00000000000000000000000000000000
00000000000000000000000000000000
00000000000000000000000000000000
00000000000000000000000000000000
00000000000000000000000000000000
00000000000000000000000000000000
00000000000000000000000000000000
00000000000000000000000000000000
00000000000000000000000000000000
00000000000000000000000000000000
00000000000000000000000000000000
00000000000000000000000000000000
00000000000000000000000000000000
00000000000000000000000000000000
----------------------------------------------------------------------
State of RF after executing cycle:5
00000000000000000000000000000000
00000000000000000000000000000101
00000000000000000000000000000011
00000000000000000000000000001000
00000000000000000000000000000010
00000000000000000000000000000000
00000000000000000000000000000000
00000000000000000000000000000000
00000000000000000000000000000000
00000000000000000000000000000000
00000000000000000000000000000000
00000000000000000000000000000000
00000000000000000000000000000000
00000000000000000000000000000000
00000000000000000000000000000000
00000000000000000000000000000000
00000000000000000000000000000000
00000000000000000000000000000000
00000000000000000000000000000000
00000000000000000000000000000000
00000000000000000000000000000000
00000000000000000000000000000000
00000000000000000000000000000000
00000000000000000000000000000000
00000000000000000000000000000000
00000000000000000000000000000000
00000000000000000000000000000000
00000000000000000000000000000000
00000000000000000000000000000000
00000000000000000000000000000000
00000000000000000000000000000000
00000000000000000000000000000000
----------------------------------------------------------------------
State of RF after executing cycle:6
00000000000000000000000000000000
00000000000000000000000000000101
00000000000000000000000000000011
00000000000000000000000000001000
00000000000000000000000000000010
00000000000000000000000000000101
00000000000000000000000000000000
00000000000000000000000000000000
00000000000000000000000000000000
00000000000000000000000000000000
00000000000000000000000000000000
00000000000000000000000000000000
00000000000000000000000000000000
00000000000000000000000000000000
00000000000000000000000000000000
00000000000000000000000000000000
00000000000000000000000000000000
00000000000000000000000000000000
00000000000000000000000000000000
00000000000000000000000000000000
00000000000000000000000000000000
00000000000000000000000000000000
00000000000000000000000000000000
00000000000000000000000000000000
00000000000000000000000000000000
00000000000000000000000000000000
00000000000000000000000000000000
00000000000000000000000000000000
00000000000000000000000000000000
00000000000000000000000000000000
00000000000000000000000000000000
00000000000000000000000000000000
----------------------------------------------------------------------
State of RF after executing cycle:7
00000000000000000000000000000000
00000000000000000000000000000101
00000000000000000000000000000011
00000000000000000000000000001000
00000000000000000000000000000010
00000000000000000000000000000101
00000000000000000000000000000011
00000000000000000000000000000000
00000000000000000000000000000000
00000000000000000000000000000000
00000000000000000000000000000000
00000000000000000000000000000000
00000000000000000000000000000000
00000000000000000000000000000000
00000000000000000000000000000000
00000000000000000000000000000000
00000000000000000000000000000000
00000000000000000000000000000000
00000000000000000000000000000000
00000000000000000000000000000000
00000000000000000000000000000000
00000000000000000000000000000000
00000000000000000000000000000000
00000000000000000000000000000000
00000000000000000000000000000000
00000000000000000000000000000000
00000000000000000000000000000000
00000000000000000000000000000000
00000000000000000000000000000000
00000000000000000000000000000000
00000000000000000000000000000000
00000000000000000000000000000000
----------------------------------------------------------------------
State of RF after executing cycle:8
00000000000000000000000000000000
00000000000000000000000000000101
00000000000000000000000000000011
00000000000000000000000000001000
00000000000000000000000000000010
00000000000000000000000000000101
00000000000000000000000000000011
00000000000000000000000000000110
00000000000000000000000000000000
00000000000000000000000000000000
00000000000000000000000000000000
00000000000000000000000000000000
00000000000000000000000000000000
00000000000000000000000000000000
00000000000000000000000000000000
00000000000000000000000000000000
00000000000000000000000000000000
00000000000000000000000000000000
00000000000000000000000000000000
00000000000000000000000000000000
00000000000000000000000000000000
00000000000000000000000000000000
00000000000000000000000000000000
00000000000000000000000000000000
00000000000000000000000000000000
00000000000000000000000000000000
00000000000000000000000000000000
00000000000000000000000000000000
00000000000000000000000000000000
00000000000000000000000000000000
00000000000000000000000000000000
00000000000000000000000000000000
----------------------------------------------------------------------
State of RF after executing cycle:9
00000000000000000000000000000000
00000000000000000000000000000101
11111111111111111111111111111101
00000000000000000000000000001000
00000000000000000000000000000010
00000000000000000000000000000101
00000000000000000000000000000011
00000000000000000000000000000110
00000000000000000000000000000000
00000000000000000000000000000000
00000000000000000000000000000000
00000000000000000000000000000000
00000000000000000000000000000000
00000000000000000000000000000000
00000000000000000000000000000000
00000000000000000000000000000000
00000000000000000000000000000000
00000000000000000000000000000000
00000000000000000000000000000000
00000000000000000000000000000000
00000000000000000000000000000000
00000000000000000000000000000000
00000000000000000000000000000000
00000000000000000000000000000000
00000000000000000000000000000000
00000000000000000000000000000000
00000000000000000000000000000000
00000000000000000000000000000000
00000000000000000000000000000000
00000000000000000000000000000000
00000000000000000000000000000000
00000000000000000000000000000000
----------------------------------------------------------------------
State of RF after executing cycle:10
00000000000000000000000000000000
00000000000000000000000000000101
11111111111111111111111111111101
00000000000000000000000000001000
00000000000000000000000000000010
00000000000000000000000000000101
00000000000000000000000000000011
00000000000000000000000000000110
100000000000000000000000000000010
00000000000000000000000000000000
00000000000000000000000000000000
00000000000000000000000000000000
00000000000000000000000000000000
00000000000000000000000000000000
00000000000000000000000000000000
00000000000000000000000000000000
00000000000000000000000000000000
00000000000000000000000000000000
00000000000000000000000000000000
00000000000000000000000000000000
00000000000000000000000000000000
00000000000000000000000000000000
00000000000000000000000000000000
00000000000000000000000000000000
00000000000000000000000000000000
00000000000000000000000000000000
00000000000000000000000000000000
00000000000000000000000000000000
00000000000000000000000000000000
00000000000000000000000000000000
00000000000000000000000000000000
00000000000000000000000000000000
----------------------------------------------------------------------
State of RF after executing cycle:11
00000000000000000000000000000000
00000000000000000000000000000101
11111111111111111111111111111101
00000000000000000000000000001000
00000000000000000000000000000010
00000000000000000000000000000101
00000000000000000000000000000011
00000000000000000000000000000110
100000000000000000000000000000010
b11111111111111111111111111111000
00000000000000000000000000000000
00000000000000000000000000000000
00000000000000000000000000000000
00000000000000000000000000000000
00000000000000000000000000000000
00000000000000000000000000000000
00000000000000000000000000000000
00000000000000000000000000000000
00000000000000000000000000000000
00000000000000000000000000000000
00000000000000000000000000000000
00000000000000000000000000000000
00000000000000000000000000000000
00000000000000000000000000000000
00000000000000000000000000000000
00000000000000000000000000000000
00000000000000000000000000000000
00000000000000000000000000000000
00000000000000000000000000000000
00000000000000000000000000000000
00000000000000000000000000000000
00000000000000000000000000000000
----------------------------------------------------------------------
State of RF after executing cycle:12
00000000000000000000000000000000
00000000000000000000000000000101
11111111111111111111111111111101
00000000000000000000000000001000
00000000000000000000000000000010
00000000000000000000000000000101
00000000000000000000000000000011
00000000000000000000000000000110
100000000000000000000000000000010
b11111111111111111111111111111000
00000000000000000000000000000101
00000000000000000000000000000000
00000000000000000000000000000000
00000000000000000000000000000000
00000000000000000000000000000000
00000000000000000000000000000000
00000000000000000000000000000000
00000000000000000000000000000000
00000000000000000000000000000000
00000000000000000000000000000000
00000000000000000000000000000000
00000000000000000000000000000000
00000000000000000000000000000000
00000000000000000000000000000000
00000000000000000000000000000000
00000000000000000000000000000000
00000000000000000000000000000000
00000000000000000000000000000000
00000000000000000000000000000000
00000000000000000000000000000000
00000000000000000000000000000000
00000000000000000000000000000000
----------------------------------------------------------------------
State of RF after executing cycle:13
00000000000000000000000000000000
00000000000000000000000000000101
11111111111111111111111111111101
00000000000000000000000000001000
00000000000000000000000000000010
00000000000000000000000000000101
00000000000000000000000000000011
00000000000000000000000000000110
100000000000000000000000000000010
b11111111111111111111111111111000
00000000000000000000000000000101
11111111111111111111111111111101
00000000000000000000000000000000
00000000000000000000000000000000
00000000000000000000000000000000
00000000000000000000000000000000
00000000000000000000000000000000
00000000000000000000000000000000
00000000000000000000000000000000
00000000000000000000000000000000
00000000000000000000000000000000
00000000000000000000000000000000
00000000000000000000000000000000
00000000000000000000000000000000
00000000000000000000000000000000
00000000000000000000000000000000
00000000000000000000000000000000
00000000000000000000000000000000
00000000000000000000000000000000
00000000000000000000000000000000
00000000000000000000000000000000
00000000000000000000000000000000
----------------------------------------------------------------------
State of RF after executing cycle:14
00000000000000000000000000000000
00000000000000000000000000000101
11111111111111111111111111111101
00000000000000000000000000001000
00000000000000000000000000000010
00000000000000000000000000000101
00000000000000000000000000000011
00000000000000000000000000000110
100000000000000000000000000000010
b11111111111111111111111111111000
00000000000000000000000000000101
11111111111111111111111111111101
11111111111111111111111111111000
00000000000000000000000000000000
00000000000000000000000000000000
00000000000000000000000000000000
00000000000000000000000000000000
00000000000000000000000000000000
00000000000000000000000000000000
00000000000000000000000000000000
00000000000000000000000000000000
00000000000000000000000000000000
00000000000000000000000000000000
00000000000000000000000000000000
00000000000000000000000000000000
00000000000000000000000000000000
00000000000000000000000000000000
00000000000000000000000000000000
00000000000000000000000000000000
00000000000000000000000000000000
00000000000000000000000000000000
00000000000000000000000000000000
----------------------------------------------------------------------
State of RF after executing cycle:15
00000000000000000000000000000000
11111111111111111111111111111011
11111111111111111111111111111101
00000000000000000000000000001000
00000000000000000000000000000010
00000000000000000000000000000101
00000000000000000000000000000011
00000000000000000000000000000110
100000000000000000000000000000010
b11111111111111111111111111111000
00000000000000000000000000000101
11111111111111111111111111111101
11111111111111111111111111111000
00000000000000000000000000000000
00000000000000000000000000000000
00000000000000000000000000000000
00000000000000000000000000000000
00000000000000000000000000000000
00000000000000000000000000000000
00000000000000000000000000000000
00000000000000000000000000000000
00000000000000000000000000000000
00000000000000000000000000000000
00000000000000000000000000000000
00000000000000000000000000000000
00000000000000000000000000000000
00000000000000000000000000000000
00000000000000000000000000000000
00000000000000000000000000000000
00000000000000000000000000000000
00000000000000000000000000000000
00000000000000000000000000000000
----------------------------------------------------------------------
State of RF after executing cycle:16
00000000000000000000000000000000
11111111111111111111111111111011
00000000000000000000000000000010
00000000000000000000000000001000
00000000000000000000000000000010
00000000000000000000000000000101
00000000000000000000000000000011
00000000000000000000000000000110
100000000000000000000000000000010
b11111111111111111111111111111000
00000000000000000000000000000101
11111111111111111111111111111101
11111111111111111111111111111000
00000000000000000000000000000000
00000000000000000000000000000000
00000000000000000000000000000000
00000000000000000000000000000000
00000000000000000000000000000000
00000000000000000000000000000000
00000000000000000000000000000000
00000000000000000000000000000000
00000000000000000000000000000000
00000000000000000000000000000000
00000000000000000000000000000000
00000000000000000000000000000000
00000000000000000000000000000000
00000000000000000000000000000000
00000000000000000000000000000000
00000000000000000000000000000000
00000000000000000000000000000000
00000000000000000000000000000000
00000000000000000000000000000000
----------------------------------------------------------------------
State of RF after executing cycle:17
00000000000000000000000000000000
11111111111111111111111111111011
00000000000000000000000000000010
00000000000000000000000000001000
00000000000000000000000000000010
00000000000000000000000000000101
00000000000000000000000000000011
00000000000000000000000000000110
100000000000000000000000000000010
b11111111111111111111111111111000
00000000000000000000000000000101
11111111111111111111111111111101
11111111111111111111111111111000
11111111111111111111111111111101
00000000000000000000000000000000
00000000000000000000000000000000
00000000000000000000000000000000
00000000000000000000000000000000
00000000000000000000000000000000
00000000000000000000000000000000
00000000000000000000000000000000
00000000000000000000000000000000
00000000000000000000000000000000
00000000000000000000000000000000
00000000000000000000000000000000
00000000000000000000000000000000
00000000000000000000000000000000
00000000000000000000000000000000
00000000000000000000000000000000
00000000000000000000000000000000
00000000000000000000000000000000
00000000000000000000000000000000
----------------------------------------------------------------------
State of RF after executing cycle:18
00000000000000000000000000000000
11111111111111111111111111111011
00000000000000000000000000000010
00000000000000000000000000001000
00000000000000000000000000000010
00000000000000000000000000000101
00000000000000000000000000000011
00000000000000000000000000000110
100000000000000000000000000000010
b11111111111111111111111111111000
00000000000000000000000000000101
11111111111111111111111111111101
11111111111111111111111111111000
11111111111111111111111111111101
11111111111111111111111111111001
00000000000000000000000000000000
00000000000000000000000000000000
00000000000000000000000000000000
00000000000000000000000000000000
00000000000000000000000000000000
00000000000000000000000000000000
00000000000000000000000000000000
00000000000000000000000000000000
00000000000000000000000000000000
00000000000000000000000000000000
00000000000000000000000000000000
00000000000000000000000000000000
00000000000000000000000000000000
00000000000000000000000000000000
00000000000000000000000000000000
00000000000000000000000000000000
00000000000000000000000000000000
----------------------------------------------------------------------
State of RF after executing cycle:19
00000000000000000000000000000000
11111111111111111111111111111011
00000000000000000000000000000010
00000000000000000000000000001000
00000000000000000000000000000010
00000000000000000000000000000101
00000000000000000000000000000011
00000000000000000000000000000110
100000000000000000000000000000010
b11111111111111111111111111111000
00000000000000000000000000000101
11111111111111111111111111111101
11111111111111111111111111111000
11111111111111111111111111111101
11111111111111111111111111111001
11111111111111111111111111111011
00000000000000000000000000000000
00000000000000000000000000000000
00000000000000000000000000000000
00000000000000000000000000000000
00000000000000000000000000000000
00000000000000000000000000000000
00000000000000000000000000000000
00000000000000000000000000000000
00000000000000000000000000000000
00000000000000000000000000000000
00000000000000000000000000000000
00000000000000000000000000000000
00000000000000000000000000000000
00000000000000000000000000000000
00000000000000000000000000000000
00000000000000000000000000000000
----------------------------------------------------------------------
State of RF after executing cycle:20
00000000000000000000000000000000
11111111111111111111111111111011
00000000000000000000000000000010
00000000000000000000000000001000
00000000000000000000000000000010
00000000000000000000000000000101
00000000000000000000000000000011
00000000000000000000000000000110
100000000000000000000000000000010
b11111111111111111111111111111000
00000000000000000000000000000101
11111111111111111111111111111101
11111111111111111111111111111000
11111111111111111111111111111101
11111111111111111111111111111001
11111111111111111111111111111011
00000000000000000000000000000010
00000000000000000000000000000000
00000000000000000000000000000000
00000000000000000000000000000000
00000000000000000000000000000000
00000000000000000000000000000000
00000000000000000000000000000000
00000000000000000000000000000000
00000000000000000000000000000000
00000000000000000000000000000000
00000000000000000000000000000000
00000000000000000000000000000000
00000000000000000000000000000000
00000000000000000000000000000000
00000000000000000000000000000000
00000000000000000000000000000000
----------------------------------------------------------------------
State of RF after executing cycle:21
00000000000000000000000000000000
11111111111111111111111111111011
00000000000000000000000000000010
00000000000000000000000000001000
00000000000000000000000000000010
00000000000000000000000000000101
00000000000000000000000000000011
00000000000000000000000000000110
100000000000000000000000000000010
b11111111111111111111111111111000
00000000000000000000000000000101
11111111111111111111111111111101
11111111111111111111111111111000
11111111111111111111111111111101
11111111111111111111111111111001
11111111111111111111111111111011
00000000000000000000000000000010
11111111111111111111111111111001
00000000000000000000000000000000
00000000000000000000000000000000
00000000000000000000000000000000
00000000000000000000000000000000
00000000000000000000000000000000
00000000000000000000000000000000
00000000000000000000000000000000
00000000000000000000000000000000
00000000000000000000000000000000
00000000000000000000000000000000
00000000000000000000000000000000
00000000000000000000000000000000
00000000000000000000000000000000
00000000000000000000000000000000
----------------------------------------------------------------------
State of RF after executing cycle:22
00000000000000000000000000000000
11111111111111111111111111111011
00000000000000000000000000000010
00000000000000000000000000001000
00000000000000000000000000000010
00000000000000000000000000000101
00000000000000000000000000000011
00000000000000000000000000000110
100000000000000000000000000000010
b11111111111111111111111111111000
00000000000000000000000000000101
11111111111111111111111111111101
11111111111111111111111111111000
11111111111111111111111111111101
11111111111111111111111111111001
11111111111111111111111111111011
00000000000000000000000000000010
11111111111111111111111111111001
00000000000000000000100000000001
00000000000000000000000000000000
00000000000000000000000000000000
00000000000000000000000000000000
00000000000000000000000000000000
00000000000000000000000000000000
00000000000000000000000000000000
00000000000000000000000000000000
00000000000000000000000000000000
00000000000000000000000000000000
00000000000000000000000000000000
00000000000000000000000000000000
00000000000000000000000000000000
00000000000000000000000000000000
----------------------------------------------------------------------
State of RF after executing cycle:23
00000000000000000000000000000000
11111111111111111111111111111011
00000000000000000000000000000010
00000000000000000000000000001000
00000000000000000000000000000010
00000000000000000000000000000101
00000000000000000000000000000011
00000000000000000000000000000110
100000000000000000000000000000010
b11111111111111111111111111111000
00000000000000000000000000000101
11111111111111111111111111111101
11111111111111111111111111111000
11111111111111111111111111111101
11111111111111111111111111111001
11111111111111111111111111111011
00000000000000000000000000000010
11111111111111111111111111111001
00000000000000000000100000000001
00000000000000000000011111111111
00000000000000000000000000000000
00000000000000000000000000000000
00000000000000000000000000000000
00000000000000000000000000000000
00000000000000000000000000000000
00000000000000000000000000000000
00000000000000000000000000000000
00000000000000000000000000000000
00000000000000000000000000000000
00000000000000000000000000000000
00000000000000000000000000000000
00000000000000000000000000000000
----------------------------------------------------------------------
State of RF after executing cycle:24
00000000000000000000000000000000
11111111111111111111111111111011
00000000000000000000000000000010
00000000000000000000000000001000
00000000000000000000000000000010
00000000000000000000000000000101
00000000000000000000000000000011
00000000000000000000000000000110
100000000000000000000000000000010
b11111111111111111111111111111000
00000000000000000000000000000101
11111111111111111111111111111101
11111111111111111111111111111000
11111111111111111111111111111101
11111111111111111111111111111001
11111111111111111111111111111011
00000000000000000000000000000010
11111111111111111111111111111001
00000000000000000000100000000001
00000000000000000000011111111111
00000000000000000000000000000010
00000000000000000000000000000000
00000000000000000000000000000000
00000000000000000000000000000000
00000000000000000000000000000000
00000000000000000000000000000000
00000000000000000000000000000000
00000000000000000000000000000000
00000000000000000000000000000000
00000000000000000000000000000000
00000000000000000000000000000000
00000000000000000000000000000000
----------------------------------------------------------------------
State of RF after executing cycle:25
00000000000000000000000000000000
11111111111111111111111111111011
00000000000000000000000000000010
00000000000000000000000000001000
00000000000000000000000000000010
00000000000000000000000000000101
00000000000000000000000000000011
00000000000000000000000000000110
100000000000000000000000000000010
b11111111111111111111111111111000
00000000000000000000000000000101
11111111111111111111111111111101
11111111111111111111111111111000
11111111111111111111111111111101
11111111111111111111111111111001
11111111111111111111111111111011
00000000000000000000000000000010
11111111111111111111111111111001
00000000000000000000100000000001
00000000000000000000011111111111
00000000000000000000000000000010
00000000000000000000011111111101
00000000000000000000000000000000
00000000000000000000000000000000
00000000000000000000000000000000
00000000000000000000000000000000
00000000000000000000000000000000
00000000000000000000000000000000
00000000000000000000000000000000
00000000000000000000000000000000
00000000000000000000000000000000
00000000000000000000000000000000
----------------------------------------------------------------------
State of RF after executing cycle:26
00000000000000000000000000000000
11111111111111111111111111111011
00000000000000000000000000000010
00000000000000000000000000001000
00000000000000000000000000000010
00000000000000000000000000000101
00000000000000000000000000000011
00000000000000000000000000000110
100000000000000000000000000000010
b11111111111111111111111111111000
00000000000000000000000000000101
11111111111111111111111111111101
11111111111111111111111111111000
11111111111111111111111111111101
11111111111111111111111111111001
11111111111111111111111111111011
00000000000000000000000000000010
11111111111111111111111111111001
00000000000000000000100000000001
00000000000000000000011111111111
00000000000000000000000000000010
00000000000000000000011111111101
100000000000000000000011111111010
00000000000000000000000000000000
00000000000000000000000000000000
00000000000000000000000000000000
00000000000000000000000000000000
00000000000000000000000000000000
00000000000000000000000000000000
00000000000000000000000000000000
00000000000000000000000000000000
00000000000000000000000000000000
----------------------------------------------------------------------
State of RF after executing cycle:27
00000000000000000000000000000000
11111111111111111111111111111011
00000000000000000000000000000010
00000000000000000000000000001000
00000000000000000000000000000010
00000000000000000000000000000101
00000000000000000000000000000011
00000000000000000000000000000110
100000000000000000000000000000010
b11111111111111111111111111111000
00000000000000000000000000000101
11111111111111111111111111111101
11111111111111111111111111111000
11111111111111111111111111111101
11111111111111111111111111111001
11111111111111111111111111111011
00000000000000000000000000000010
11111111111111111111111111111001
00000000000000000000100000000001
00000000000000000000011111111111
00000000000000000000000000000010
00000000000000000000011111111101
100000000000000000000011111111010
00000000000000000000011111111111
00000000000000000000000000000000
00000000000000000000000000000000
00000000000000000000000000000000
00000000000000000000000000000000
00000000000000000000000000000000
00000000000000000000000000000000
00000000000000000000000000000000
00000000000000000000000000000000
----------------------------------------------------------------------
State of RF after executing cycle:28
00000000000000000000000000000000
11111111111111111111111111111011
00000000000000000000000000000010
00000000000000000000000000001000
00000000000000000000000000000010
00000000000000000000000000000101
00000000000000000000000000000011
00000000000000000000000000000110
100000000000000000000000000000010
b11111111111111111111111111111000
00000000000000000000000000000101
11111111111111111111111111111101
11111111111111111111111111111000
11111111111111111111111111111101
11111111111111111111111111111001
11111111111111111111111111111011
00000000000000000000000000000010
11111111111111111111111111111001
00000000000000000000100000000001
00000000000000000000011111111111
00000000000000000000000000000010
00000000000000000000011111111101
100000000000000000000011111111010
00000000000000000000011111111111
11111111111111111111111111111011
00000000000000000000000000000000
00000000000000000000000000000000
00000000000000000000000000000000
00000000000000000000000000000000
00000000000000000000000000000000
00000000000000000000000000000000
00000000000000000000000000000000
----------------------------------------------------------------------
State of RF after executing cycle:29
00000000000000000000000000000000
11111111111111111111111111111011
00000000000000000000000000000010
00000000000000000000000000001000
00000000000000000000000000000010
00000000000000000000000000000101
00000000000000000000000000000011
00000000000000000000000000000110
100000000000000000000000000000010
b11111111111111111111111111111000
00000000000000000000000000000101
11111111111111111111111111111101
11111111111111111111111111111000
11111111111111111111111111111101
11111111111111111111111111111001
11111111111111111111111111111011
00000000000000000000000000000010
11111111111111111111111111111001
00000000000000000000100000000001
00000000000000000000011111111111
00000000000000000000000000000010
00000000000000000000011111111101
100000000000000000000011111111010
00000000000000000000011111111111
11111111111111111111111111111011
11111111111111111111100000000100
00000000000000000000000000000000
00000000000000000000000000000000
00000000000000000000000000000000
00000000000000000000000000000000
00000000000000000000000000000000
00000000000000000000000000000000
----------------------------------------------------------------------
State of RF after executing cycle:30
00000000000000000000000000000000
11111111111111111111111111111011
00000000000000000000000000000010
00000000000000000000000000001000
00000000000000000000000000000010
00000000000000000000000000000101
00000000000000000000000000000011
00000000000000000000000000000110
100000000000000000000000000000010
b11111111111111111111111111111000
00000000000000000000000000000101
11111111111111111111111111111101
11111111111111111111111111111000
11111111111111111111111111111101
11111111111111111111111111111001
11111111111111111111111111111011
00000000000000000000000000000010
11111111111111111111111111111001
00000000000000000000100000000001
00000000000000000000011111111111
00000000000000000000000000000010
00000000000000000000011111111101
100000000000000000000011111111010
00000000000000000000011111111111
11111111111111111111111111111011
11111111111111111111100000000100
100000000000000000000000000000001
00000000000000000000000000000000
00000000000000000000000000000000
00000000000000000000000000000000
00000000000000000000000000000000
00000000000000000000000000000000
----------------------------------------------------------------------
State of RF after executing cycle:31
00000000000000000000000000000000
11111111111111111111111111111011
00000000000000000000000000000010
00000000000000000000000000001000
00000000000000000000000000000010
00000000000000000000000000000101
00000000000000000000000000000011
00000000000000000000000000000110
100000000000000000000000000000010
b11111111111111111111111111111000
00000000000000000000000000000101
11111111111111111111111111111101
11111111111111111111111111111000
11111111111111111111111111111101
11111111111111111111111111111001
11111111111111111111111111111011
00000000000000000000000000000010
11111111111111111111111111111001
00000000000000000000100000000001
00000000000000000000011111111111
00000000000000000000000000000010
00000000000000000000011111111101
100000000000000000000011111111010
00000000000000000000011111111111
11111111111111111111111111111011
11111111111111111111100000000100
100000000000000000000000000000001
11111111111111111111111111111111
00000000000000000000000000000000
00000000000000000000000000000000
00000000000000000000000000000000
00000000000000000000000000000000
----------------------------------------------------------------------
State of RF after executing cycle:32
00000000000000000000000000000000
11111111111111111111111111111011
00000000000000000000000000000010
00000000000000000000000000001000
00000000000000000000000000000010
00000000000000000000000000000101
00000000000000000000000000000011
00000000000000000000000000000110
100000000000000000000000000000010
b11111111111111111111111111111000
00000000000000000000000000000101
11111111111111111111111111111101
11111111111111111111111111111000
11111111111111111111111111111101
11111111111111111111111111111001
11111111111111111111111111111011
00000000000000000000000000000010
11111111111111111111111111111001
00000000000000000000100000000001
00000000000000000000011111111111
00000000000000000000000000000010
00000000000000000000011111111101
100000000000000000000011111111010
00000000000000000000011111111111
11111111111111111111111111111011
11111111111111111111100000000100
100000000000000000000000000000001
11111111111111111111111111111111
00000000000000000000000000000010
00000000000000000000000000000000
00000000000000000000000000000000
00000000000000000000000000000000
----------------------------------------------------------------------
State of RF after executing cycle:33
00000000000000000000000000000000
11111111111111111111111111111011
00000000000000000000000000000010
00000000000000000000000000001000
00000000000000000000000000000010
00000000000000000000000000000101
00000000000000000000000000000011
00000000000000000000000000000110
100000000000000000000000000000010
b11111111111111111111111111111000
00000000000000000000000000000101
11111111111111111111111111111101
11111111111111111111111111111000
11111111111111111111111111111101
11111111111111111111111111111001
11111111111111111111111111111011
00000000000000000000000000000010
11111111111111111111111111111001
00000000000000000000100000000001
00000000000000000000011111111111
00000000000000000000000000000010
00000000000000000000011111111101
100000000000000000000011111111010
00000000000000000000011111111111
11111111111111111111111111111011
11111111111111111111100000000100
100000000000000000000000000000001
11111111111111111111111111111111
00000000000000000000000000000010
11111111111111111111111111111101
00000000000000000000000000000000
00000000000000000000000000000000
----------------------------------------------------------------------
State of RF after executing cycle:34
00000000000000000000000000000000
11111111111111111111111111111011
00000000000000000000000000000010
00000000000000000000000000001000
00000000000000000000000000000010
00000000000000000000000000000101
00000000000000000000000000000011
00000000000000000000000000000110
100000000000000000000000000000010
b11111111111111111111111111111000
00000000000000000000000000000101
11111111111111111111111111111101
11111111111111111111111111111000
11111111111111111111111111111101
11111111111111111111111111111001
11111111111111111111111111111011
00000000000000000000000000000010
11111111111111111111111111111001
00000000000000000000100000000001
00000000000000000000011111111111
00000000000000000000000000000010
00000000000000000000011111111101
100000000000000000000011111111010
00000000000000000000011111111111
11111111111111111111111111111011
11111111111111111111100000000100
100000000000000000000000000000001
11111111111111111111111111111111
00000000000000000000000000000010
11111111111111111111111111111101
111111111111111111111111111111010
00000000000000000000000000000000
----------------------------------------------------------------------
State of RF after executing cycle:35
00000000000000000000000000000000
11111111111111111111111111111011
00000000000000000000000000000010
00000000000000000000000000001000
00000000000000000000000000000010
00000000000000000000000000000101
00000000000000000000000000000011
00000000000000000000000000000110
100000000000000000000000000000010
b11111111111111111111111111111000
00000000000000000000000000000101
11111111111111111111111111111101
11111111111111111111111111111000
11111111111111111111111111111101
11111111111111111111111111111001
11111111111111111111111111111011
00000000000000000000000000000010
11111111111111111111111111111001
00000000000000000000100000000001
00000000000000000000011111111111
00000000000000000000000000000010
00000000000000000000011111111101
100000000000000000000011111111010
00000000000000000000011111111111
11111111111111111111111111111011
11111111111111111111100000000100
100000000000000000000000000000001
11111111111111111111111111111111
00000000000000000000000000000010
11111111111111111111111111111101
111111111111111111111111111111010
11111111111111111111111111111111
----------------------------------------------------------------------
State of RF after executing cycle:36
00000000000000000000000000000000
11111111111111111111111111111011
00000000000000000000000000000010
00000000000000000000000000001000
00000000000000000000000000000010
00000000000000000000000000000101
00000000000000000000000000000011
00000000000000000000000000000110
100000000000000000000000000000010
b11111111111111111111111111111000
00000000000000000000000000000101
11111111111111111111111111111101
11111111111111111111111111111000
11111111111111111111111111111101
11111111111111111111111111111001
11111111111111111111111111111011
00000000000000000000000000000010
11111111111111111111111111111001
00000000000000000000100000000001
00000000000000000000011111111111
00000000000000000000000000000010
00000000000000000000011111111101
100000000000000000000011111111010
00000000000000000000011111111111
11111111111111111111111111111011
11111111111111111111100000000100
100000000000000000000000000000001
11111111111111111111111111111111
00000000000000000000000000000010
11111111111111111111111111111101
111111111111111111111111111111010
11111111111111111111111111111011
----------------------------------------------------------------------
State of RF after executing cycle:37
00000000000000000000000000000100
11111111111111111111111111111011
00000000000000000000000000000010
00000000000000000000000000001000
00000000000000000000000000000010
00000000000000000000000000000101
00000000000000000000000000000011
00000000000000000000000000000110
100000000000000000000000000000010
b11111111111111111111111111111000
00000000000000000000000000000101
11111111111111111111111111111101
11111111111111111111111111111000
11111111111111111111111111111101
11111111111111111111111111111001
11111111111111111111111111111011
00000000000000000000000000000010
11111111111111111111111111111001
00000000000000000000100000000001
00000000000000000000011111111111
00000000000000000000000000000010
00000000000000000000011111111101
100000000000000000000011111111010
00000000000000000000011111111111
11111111111111111111111111111011
11111111111111111111100000000100
100000000000000000000000000000001
11111111111111111111111111111111
00000000000000000000000000000010
11111111111111111111111111111101
111111111111111111111111111111010
11111111111111111111111111111011
----------------------------------------------------------------------
State of RF after executing cycle:38
00000000000000000000000000000100
11111111111111111111111111111011
00000000000000000000000000000010
00000000000000000000000000001000
00000000000000000000000000000010
00000000000000000000000000000101
00000000000000000000000000000011
00000000000000000000000000000110
100000000000000000000000000000010
b11111111111111111111111111111000
00000000000000000000000000000101
11111111111111111111111111111101
11111111111111111111111111111000
11111111111111111111111111111101
11111111111111111111111111111001
11111111111111111111111111111011
00000000000000000000000000000010
11111111111111111111111111111001
00000000000000000000100000000001
00000000000000000000011111111111
00000000000000000000000000000010
00000000000000000000011111111101
100000000000000000000011111111010
00000000000000000000011111111111
11111111111111111111111111111011
11111111111111111111100000000100
100000000000000000000000000000001
11111111111111111111111111111111
00000000000000000000000000000010
11111111111111111111111111111101
111111111111111111111111111111010
11111111111111111111111111111011
----------------------------------------------------------------------
State of RF after executing cycle:39
00000000000000000000000000000100
11111111111111111111111111111011
00000000000000000000000000000010
00000000000000000000000000001000
00000000000000000000000000000010
00000000000000000000000000000101
00000000000000000000000000000011
00000000000000000000000000000110
100000000000000000000000000000010
b11111111111111111111111111111000
00000000000000000000000000000101
11111111111111111111111111111101
11111111111111111111111111111000
11111111111111111111111111111101
11111111111111111111111111111001
11111111111111111111111111111011
00000000000000000000000000000010
11111111111111111111111111111001
00000000000000000000100000000001
00000000000000000000011111111111
00000000000000000000000000000010
00000000000000000000011111111101
100000000000000000000011111111010
00000000000000000000011111111111
11111111111111111111111111111011
11111111111111111111100000000100
100000000000000000000000000000001
11111111111111111111111111111111
00000000000000000000000000000010
11111111111111111111111111111101
111111111111111111111111111111010
11111111111111111111111111111011
